,Unnamed: 0,id,date_published,link,caption_original,caption_cleaned,hashtags,num_shares,num_likes,Reactions_SUM,category,language,average_sentiment_score,sentiment,account_name,words_matched_list
3,3,895727338335424512,2017-08-10 19:23:33,"['https://t.co/GodnVHPA3A', 'https://t.co/xKSniBY6H']",Le parc national Qausuittuq est officiellement ouvert! C'est un archipel d'îles dans l'Extrême-Arctique : https://t.co/GodnVHPA3A #Nunavut https://t.co/xKSniBY6HU,Le parc national Qausuittuq est officiellement ouvert est un archipel les dans Arctique https co GodnVHPA3A Nunavut https co xKSniBY6HU,['#Nunavut'],50,145,195,Environmental,fr,0.0,Neutral,ParcsCanada_tweeter,"['parc', 'vert']"
8,8,895335697497833472,2017-08-09 17:27:19,[],"RT @GCAutochtones: Pour la Journée internationale des peuples #autochtones, prenez un moment pour réfléchir à la richesse des cultures auto…",RT GCAutochtones Pour la internationale des peuples autochtones prenez un moment pour chir la richesse des cultures,['#autochtones'],65,0,65,Social,fr,0.0,Neutral,ParcsCanada_tweeter,"['culture', 'autochtones']"
58,58,901172662684274688,2017-08-25 20:01:20,['https://t.co/oqxtm1dBWN'],Nous voulons voir la meilleure photo que vous ayez prise d’un oiseau. Elle paraîtra peut-être dans le collage de #DéfiParcs cette semaine! https://t.co/oqxtm1dBWN,Nous voulons voir la meilleure photo que vous ayez prise un oiseau Elle tra peut dans le collage de fiParcs cette semaine https co oqxtm1dBWN,['#D'],8,14,22,Environmental,fr,0.0,Neutral,ParcsCanada_tweeter,"['oiseau', 'eau', 'parc']"
70,70,899288723661127680,2017-08-20 15:15:14,"['https://t.co/kMPK0kJk3I', 'https://t.co/xVx9Flqr5']","Demain, une éclipse solaire partielle sera visible dans plusieurs de nos endroits! Voici comment protéger vos yeux : https://t.co/kMPK0kJk3I https://t.co/xVx9Flqr58",Demain une clipse solaire partielle sera visible dans plusieurs de nos endroits Voici comment ger vos yeux https co kMPK0kJk3I https co xVx9Flqr58,[],9,12,21,Environmental,fr,0.0,Neutral,ParcsCanada_tweeter,"['solaire', 'air']"
79,79,900511772154744832,2017-08-24 00:15:11,['https://t.co/SFK4lmBvPK'],Découvrez un peu d'histoire ancienne! La présence humaine à Tallurutiup Imanga/#détroitLancaster remonte jusqu'à 500 av. J.-C. 😲 https://t.co/SFK4lmBvPK,couvrez un peu histoire ancienne La sence humaine Tallurutiup Imanga troitLancaster remonte jusqu 500 av https co SFK4lmBvPK,['#d'],7,12,19,unknown,fr,0.0,Neutral,ParcsCanada_tweeter,
92,92,897452879832903680,2017-08-15 13:40:15,['https://t.co/E4RYTdFWok'],C’est la Journée nationale des Acadiens! 🎉 Visitez #LHNGrandPré et apprenez-en plus sur la culture et l’histoire #Acadian! @ParcsCanada_NE https://t.co/E4RYTdFWok,est la nationale des Acadiens Visitez et apprenez en plus sur la culture et histoire Acadian https co E4RYTdFWok,"['#LHNGrandPr', '#Acadian']",4,14,18,Social,fr,0.0,Neutral,ParcsCanada_tweeter,['culture']
109,109,903376742102036481,2017-08-31 21:59:33,[],RT @ministre_ec: Regardez les #BisonsDeBanff traverser une rivière pour la première fois... de la #conservation à son meilleur! @ParcsCanad…,RT Regardez les BisonsDeBanff traverser une pour la fois de la conservation son meilleur,"['#BisonsDeBanff', '#conservation']",17,0,17,Environmental,fr,0.0,Neutral,ParcsCanada_tweeter,['conservation']
146,146,898273533146652673,2017-08-17 20:01:14,['https://t.co/mvOPYCXzVB'],"Dommage , le soleil d’été tire à sa fin. Mais c’est le moment idéal pour admirer un coucher de soleil! Montrez-nous vos photos! #Défiparcs https://t.co/mvOPYCXzVB",Dommage le soleil tire sa fin Mais est le moment al pour admirer un coucher de soleil Montrez nous vos photos fiparcs https co mvOPYCXzVB,['#D'],7,8,15,Environmental,fr,0.0,Neutral,ParcsCanada_tweeter,['parc']
150,150,900447896327380992,2017-08-23 20:01:22,['https://t.co/R1i4qaR8dF'],"Le soleil s’est couché sur le #Défiparcs! Merci d’avoir partagé vos photos! Gardez l’œil ouvert pour le prochain défi, à ne pas le manquer! https://t.co/R1i4qaR8dF",Le soleil est sur le fiparcs Merci avoir vos photos Gardez il ouvert pour le prochain fi ne pas le manquer https co R1i4qaR8dF,['#D'],6,9,15,Environmental,fr,0.0,Neutral,ParcsCanada_tweeter,"['parc', 'vert', 'mer']"
179,179,903363078045257728,2017-08-31 21:05:16,['https://t.co/TbawgzwiEb'],Intéressant! 😎 Des milliers d'oiseaux marins comme les marmettes migrent vers Tallurutiup Imanga/#détroitLancaster en été pour la 🌞! https://t.co/TbawgzwiEb,ressant Des milliers oiseaux marins comme les marmettes migrent vers Tallurutiup Imanga troitLancaster en pour la https co TbawgzwiEb,['#d'],3,11,14,Environmental,fr,0.0,Neutral,ParcsCanada_tweeter,"['oiseau', 'eau', 'oiseaux']"
168,168,897617688616468480,2017-08-16 00:35:08,['https://t.co/ZF1Wrxjvq'],❤️ l'Arctique #canadien? Vous devez voir la beauté de Tallurutiup Imanga/#détroitLancaster pour le croire! #MardiVoyage https://t.co/ZF1Wrxjvq9,Arctique canadien Vous devez voir la de Tallurutiup Imanga troitLancaster pour le croire MardiVoyage https co ZF1Wrxjvq9,"['#canadien', '#d', '#MardiVoyage']",3,11,14,unknown,fr,0.0,Neutral,ParcsCanada_tweeter,
178,178,893139729704775681,2017-08-03 16:01:19,['https://t.co/a0fxoWzFx3'],"Qui dit que le confort n’existe pas en #camping? 🏕 Cette semaine, montrez-nous vos vêtements les plus confortables #DéfiParcs! https://t.co/a0fxoWzFx3",Qui dit que le confort existe pas en camping Cette semaine montrez nous vos les plus confortables fiParcs https co a0fxoWzFx3,"['#camping', '#D']",7,7,14,Environmental,fr,0.0,Neutral,ParcsCanada_tweeter,"['parc', 'or']"
218,218,902298536401883136,2017-08-28 22:35:09,['https://t.co/RRoWjQCYt'],"Un été magnifique tire à sa fin, qui veut dire… c’est le temps de planifier vos aventures automnales! #LundiMotivation https://t.co/RRoWjQCYt8",Un magnifique tire sa fin qui veut est le temps de planifier vos aventures automnales LundiMotivation https co RRoWjQCYt8,['#LundiMotivation'],4,9,13,unknown,fr,0.0,Neutral,ParcsCanada_tweeter,
230,230,895995811754016769,2017-08-11 13:10:22,['https://t.co/R42yfCZsqF'],Aujourd'hui c'est la Journée des jeux dans le #sable! Que ferez-vous? Nous aimons ce castor en sable. @ParcsCanadaIPE https://t.co/R42yfCZsqF,Aujourd hui est la des jeux dans le sable Que ferez vous Nous aimons ce castor en sable ParcsCanadaIPE https co R42yfCZsqF,['#sable'],2,10,12,Environmental,fr,0.0,Neutral,ParcsCanada_tweeter,"['parc', 'or']"
261,261,902138853225529345,2017-08-28 12:00:38,['https://t.co/CzwH4JXuDM'],#SVQ + de 30 000 bélugas passent l’été le long de la côte ouest de la baie d’Hudson? La plus importante population au monde! #lundimarin https://t.co/CzwH4JXuDM,SVQ de 30 000 lugas passent le long de la te ouest de la baie Hudson La plus importante population au monde lundimarin https co CzwH4JXuDM,"['#SVQ', '#lundimarin']",4,8,12,Social,fr,-0.0625,Neutral,ParcsCanada_tweeter,['population']
266,266,900877998244724736,2017-08-25 00:30:26,"['https://t.co/SQxwZ5E3', 'https://t.co/WvKRG5hnm']",Vivez le plus bel été! Qu’il s’agisse de manger des s’mores 🍫 ou d’observer les étoiles 💫 découvrez ces 8 activités https://t.co/SQxwZ5E3Uc https://t.co/WvKRG5hnm8,Vivez le plus bel il agisse de manger des mores ou observer les toiles couvrez ces https co SQxwZ5E3Uc https co WvKRG5hnm8,[],5,7,12,Economical,fr,0.0,Neutral,ParcsCanada_tweeter,['oil']
280,280,892486400792289280,2017-08-01 20:45:14,['https://t.co/LfOmiezKqt'],"Avez-vous déjà monté jusqu'au sommet d'une montagne? Commencez dans l'un de nos parcs, après tout, c'est la Journée de l’ascension du sommet https://t.co/LfOmiezKqt",Avez vous jusqu au sommet une montagne Commencez dans un de nos parcs tout est la de ascension du sommet https co LfOmiezKqt,[],5,6,11,Environmental,fr,0.0,Neutral,ParcsCanada_tweeter,['parc']
285,285,893213376364630016,2017-08-03 20:53:58,"['https://t.co/cCbypQGKvg', 'https://t.co/fY8g4NBQ']",Vous planifiez un voyage dans les parcs des montagnes? Consultez https://t.co/cCbypQGKvg pour obtenir de l’info à jour sur les feux en C.-B. https://t.co/fY8g4NBQ9U,Vous planifiez un voyage dans les parcs des montagnes Consultez https co cCbypQGKvg pour obtenir de info jour sur les feux en https co fY8g4NBQ9U,[],7,4,11,Environmental,fr,0.0,Neutral,ParcsCanada_tweeter,['parc']
291,291,897187257626615808,2017-08-14 20:04:45,"['https://t.co/GJDCVdjmoG', 'https://t.co/5qwT5ztC9w']",Les limites de l'AMNC #DetroitLancaster sont officielles : https://t.co/GJDCVdjmoG Superbe video de @NG_PristineSeas https://t.co/5qwT5ztC9w,Les limites AMNC DetroitLancaster officielles https co GJDCVdjmoG Superbe video https co 5qwT5ztC9w,['#DetroitLancaster'],7,4,11,unknown,en,0.0,Neutral,ParcsCanada_tweeter,
395,395,899376780951289857,2017-08-20 21:05:08,['https://t.co/L17xDkjTcb'],WOW! 😲 Tallurutiup Imanga/#détroitLancaster est la plus grande aire protégée du Canada : presque deux fois la taille de la #NouvelleEcosse! https://t.co/L17xDkjTcb,WOW Tallurutiup Imanga troitLancaster est la plus grande aire du Canada presque deux fois la taille de la NouvelleEcosse https co L17xDkjTcb,"['#d', '#NouvelleEcosse']",2,8,10,Environmental,fr,0.15625,Neutral,ParcsCanada_tweeter,['air']
379,379,897217738137010178,2017-08-14 22:05:52,[],RT @ministre_ec: Une nouvelle page d’histoire : Les limites de la plus grande aire protégée de l’hist. canadienne sont officielles! https:/…,RT Une nouvelle page histoire Les limites de la plus grande aire de hist canadienne sont officielles https,[],10,0,10,Environmental,fr,0.0,Neutral,ParcsCanada_tweeter,['air']
383,383,895676599655387136,2017-08-10 16:01:56,['https://t.co/0wb3N6weip'],Tout le monde a besoin de temps pour soi! Où allez-vous pour jouir d’un #MomentZen? À un lac ou vous faites du #yoga dehors? 📸 #DéfiParcs https://t.co/0wb3N6weip,Tout le monde besoin de temps pour soi allez vous pour jouir un MomentZen un lac ou vous faites du yoga dehors fiParcs https co 0wb3N6weip,"['#MomentZen', '#yoga', '#D']",5,5,10,Environmental,fr,0.0,Neutral,ParcsCanada_tweeter,"['parc', 'or']"
440,440,897416397155954688,2017-08-15 11:15:16,['https://t.co/aCd8PNKy15'],Quoi de plus relaxant qu’un lever de soleil? Prenez le temps de relaxer en cette Journée de repos et profitez du soleil dans nos parcs! 🌄 https://t.co/aCd8PNKy15,Quoi de plus relaxant un lever de soleil Prenez le temps de relaxer en cette de repos et profitez du soleil dans nos parcs https co aCd8PNKy15,[],3,6,9,Environmental,fr,0.0,Neutral,ParcsCanada_tweeter,['parc']
513,513,902930685987614728,2017-08-30 16:27:05,['https://t.co/WI1EuJfEB7'],Shhhhht! #SVQ que les narvals du 🇨🇦 Tallurutiup Imanga/#détroitLancaster sont sensibles au bruit? https://t.co/WI1EuJfEB7,Shhhhht SVQ que les narvals du Tallurutiup Imanga troitLancaster sont sensibles au bruit https co WI1EuJfEB7,"['#SVQ', '#d']",4,4,8,unknown,fr,0.0,Neutral,ParcsCanada_tweeter,
524,524,894647103569485827,2017-08-07 19:51:05,[],RT @Explorezsansfin: « Je me suis réveillé à Haida Gwaii un matin et telle fut ma vue. » - jkreyphoto/IG 📍: @hgtourism #ExploreCanada https…,RT Explorezsansfin Je suis Haida Gwaii un matin et telle fut vue jkreyphoto IG hgtourism ExploreCanada,['#ExploreCanada'],8,0,8,Economical,fr,0.0,Neutral,ParcsCanada_tweeter,['tourism']
518,518,895415705134284804,2017-08-09 22:45:14,['https://t.co/ZVOzenZx0Y'],Joyeux Jour des passionnés de lecture! Quel est votre endroit préféré pour lire un #livre? Nous adorons CETTE vue panoramique. https://t.co/ZVOzenZx0Y,Joyeux Jour des de lecture Quel est votre endroit pour lire un livre Nous adorons CETTE vue panoramique https co ZVOzenZx0Y,['#livre'],1,7,8,Social,fr,0.0,Neutral,ParcsCanada_tweeter,['ami']
531,531,897793893370138624,2017-08-16 12:15:19,['https://t.co/OpVli1oXl'],#SVQ Tallurutiup Imanga/#détroitLancaster abrite 17 % de la population d’ours polaire canadienne? ❄️ #MecrediSauvage https://t.co/OpVli1oXlu,SVQ Tallurutiup Imanga troitLancaster abrite 17 de la population polaire canadienne MecrediSauvage https co OpVli1oXlu,"['#SVQ', '#d', '#MecrediSauvage']",2,6,8,Social,it,0.0,Neutral,ParcsCanada_tweeter,['population']
512,512,897135706702741504,2017-08-14 16:39:55,[],RT @ministre_ec: La NOUVELLE aire marine de conservation à Tallurutiup/#DetroitLancaster sera la plus grande aire protégée du Canada! https…,RT La NOUVELLE aire marine de conservation Tallurutiup DetroitLancaster sera la plus grande aire du Canada,['#DetroitLancaster'],8,0,8,Environmental,fr,0.0,Neutral,ParcsCanada_tweeter,"['conservation', 'marine', 'air']"
510,510,902701193427898368,2017-08-30 01:15:10,['https://t.co/whs7VEtGLZ'],Vous et notre nouvelle #PCAppli = aventures formidables! Téléchargez-la maintenant pour tous vos besoins durant #Canada150! https://t.co/whs7VEtGLZ,Vous et notre nouvelle PCAppli aventures formidables chargez la maintenant pour tous vos besoins durant Canada150 https co whs7VEtGLZ,"['#PCAppli', '#Canada150']",4,4,8,Environmental,fr,0.0,Neutral,ParcsCanada_tweeter,['or']
486,486,893091655590584320,2017-08-03 12:50:18,['https://t.co/Aj1KcJgngH'],Scandale en 1901 : Evelyn Berens est la première femme à gravir le Mont Sir Donald dans le PN des Glacier. En pantalons! #Canada150 https://t.co/Aj1KcJgngH,Scandale en 1901 Evelyn Berens est la femme gravir le Mont Sir Donald dans le PN des Glacier En pantalons Canada150 https co Aj1KcJgngH,['#Canada150'],1,7,8,unknown,fr,0.0,Neutral,ParcsCanada_tweeter,
629,629,894694845939408896,2017-08-07 23:00:48,['https://t.co/7V9Aw8uJsr'],Saviez-vous que des lions de mer de Steller et des phoques communs peuvent être vus à Gwaii Haanas toute l’année? #lundimarin #SVQ https://t.co/7V9Aw8uJsr,Saviez vous que des lions de mer de Steller et des phoques communs peuvent vus Gwaii Haanas toute lundimarin SVQ https co 7V9Aw8uJsr,"['#lundimarin', '#SVQ']",0,7,7,Environmental,fr,0.0,Neutral,ParcsCanada_tweeter,['mer']
664,664,903316759213727744,2017-08-31 18:01:12,['https://t.co/VW4qaLm48X'],Cette semaine nous voulons que VOTRE famille profite du plein air. Partagez vos photos de famille pour le #DéfiParcs de la semaine! https://t.co/VW4qaLm48X,Cette semaine nous voulons que VOTRE famille profite du plein air Partagez vos photos de famille pour le fiParcs de la semaine https co VW4qaLm48X,['#D'],5,2,7,Environmental,fr,0.0,Neutral,ParcsCanada_tweeter,"['parc', 'air']"
649,649,898332399079088128,2017-08-17 23:55:08,['https://t.co/WKXxU188jk'],Rempli de vie + diversité des espèces Tallurutiup Imanga/#détroitLancaster soutient les communautés #inuites depuis des milliers d’années! https://t.co/WKXxU188jk,Rempli de vie des ces Tallurutiup Imanga troitLancaster soutient les inuites depuis des milliers es https co WKXxU188jk,"['#d', '#inuites']",1,6,7,Social,fr,0.0,Neutral,ParcsCanada_tweeter,['inuit']
645,645,893475468468518914,2017-08-04 14:15:26,['https://t.co/lZuz7bpxjV'],"La fumée des incendies en C.-B. peut créer des retards sur les routes. Avant de visiter un parc national, consultez @DriveBC et @511Alberta https://t.co/lZuz7bpxjV",La des incendies en peut er des retards sur les routes Avant de visiter un parc national consultez DriveBC et 511Alberta https co lZuz7bpxjV,[],5,2,7,Environmental,fr,-0.9,Negative,ParcsCanada_tweeter,['parc']
637,637,894887214575828992,2017-08-08 11:45:12,"['https://t.co/DRgOTGf3q', 'https://t.co/PHFWDmapO']",Avez-vous déjà observé les oiseaux? 🐦 Faites une visite en ce #MardiVoyage et essayez d’en découvrir certains! https://t.co/DRgOTGf3qD https://t.co/PHFWDmapOD,Avez vous les oiseaux Faites une visite en ce MardiVoyage et essayez en couvrir certains https co DRgOTGf3qD https co PHFWDmapOD,['#MardiVoyage'],2,5,7,Environmental,fr,0.0,Neutral,ParcsCanada_tweeter,"['oiseau', 'eau', 'oiseaux']"
636,636,895015573838594051,2017-08-08 20:15:16,['https://t.co/h9FSUrfoqZ'],"En ce #moisdelarchéologie, venez découvrir le LHN des Forts-et-Châteaux-Saint-Louis sous la #terrassedufferin. #Québec #Canada150 https://t.co/h9FSUrfoqZ",En ce ologie venez couvrir le LHN des Forts et teaux Saint Louis sous la terrassedufferin bec Canada150 https co h9FSUrfoqZ,"['#moisdelarch', '#terrassedufferin', '#Qu', '#Canada150']",2,5,7,Environmental,fr,0.0,Neutral,ParcsCanada_tweeter,"['eau', 'or']"
635,635,895083503892799489,2017-08-09 00:45:11,"['https://t.co/YCZIfWhzoN', 'https://t.co/ys9kRkO']",Vous voulez vivre une aventure sur la côte Est? Consultez @2017Rdv et voyez 30+ grands voiliers naviguant! 🌊 https://t.co/YCZIfWhzoN https://t.co/ys9kRkO0D1,Vous voulez vivre une aventure sur la te Est Consultez 2017Rdv et voyez 30 grands voiliers naviguant https co YCZIfWhzoN https co ys9kRkO0D1,[],1,6,7,Economical,fr,0.0,Neutral,ParcsCanada_tweeter,['oil']
634,634,895254644003418112,2017-08-09 12:05:14,['https://t.co/5vX8sG3SbF'],#SVQ + 300 communautés autochtones collaborent avec #ParcsCanada à travers le pays? #JournéePeuplesAutochtones https://t.co/5vX8sG3SbF,SVQ 300 autochtones collaborent avec ParcsCanada travers le pays ePeuplesAutochtones https co 5vX8sG3SbF,"['#SVQ', '#ParcsCanada', '#Journ']",3,4,7,Environmental,fr,0.0,Neutral,ParcsCanada_tweeter,"['parc', 'or']"
642,642,893851634702446593,2017-08-05 15:10:11,['https://t.co/rMtZyQ3yXk'],C'est la Journée des châteaux de sable! Quel parc national préférez-vous pour une journée à la #plage? ☀ @ParcsCanadaIPE https://t.co/rMtZyQ3yXk,est la des teaux de sable Quel parc national rez vous pour une la plage ParcsCanadaIPE https co rMtZyQ3yXk,['#plage'],1,6,7,Environmental,fr,0.0,Neutral,ParcsCanada_tweeter,"['eau', 'parc']"
628,628,896088822739484673,2017-08-11 19:19:58,[],RT @ministre_ec: #NOUVELLE : @ParcsCanada retourne au #HMSErebus pour un des + grands projets archéologique de l’#histoire du Canada! https…,RT NOUVELLE ParcsCanada retourne au HMSErebus pour un des grands projets ologique de histoire du Canada,"['#NOUVELLE', '#HMSErebus', '#histoire']",7,0,7,Environmental,fr,0.0,Neutral,ParcsCanada_tweeter,['parc']
594,594,897941183644741634,2017-08-16 22:00:35,['https://t.co/SNlsEIshjw'],"Tellement d’endroits où se détendre au #Canada! Merci de votre photo, nous promettons de ne pas vous déranger… jusqu’à demain! #DéfisParcs https://t.co/SNlsEIshjw",Tellement endroits se tendre au Canada Merci de votre photo nous promettons de ne pas vous demain fisParcs https co SNlsEIshjw,"['#Canada', '#D']",1,6,7,Environmental,fr,0.0,Neutral,ParcsCanada_tweeter,"['parc', 'mer']"
593,593,898220566448136193,2017-08-17 16:30:45,['https://t.co/Kn2z6eXSz'],"#EnCeJour en 1896 débute la ruée vers l'or du Klondike! Pour tout savoir sur cette époque, visitez le LHN du Complexe-Historique-de-Dawson. https://t.co/Kn2z6eXSzc",EnCeJour en 1896 bute la vers du Klondike Pour tout savoir sur cette poque visitez le LHN du Complexe Historique de Dawson https co Kn2z6eXSzc,['#EnCeJour'],3,4,7,Social,fr,0.0,Neutral,ParcsCanada_tweeter,['historique']
574,574,897130460320542721,2017-08-14 16:19:04,['https://t\xe2\x80\xa6'],RT @ministre_ec: Honorée d’annoncer les limites officielles de la NOUVELLE AMNC du Canada à Tallurutiup Imanga #DetroitLancaster! https://t…,RT annoncer les limites officielles de la NOUVELLE AMNC du Canada Tallurutiup Imanga DetroitLancaster https,['#DetroitLancaster'],7,0,7,unknown,ca,0.0,Neutral,ParcsCanada_tweeter,
590,590,898547571362324480,2017-08-18 14:10:09,"['https://t.co/4BsQiw8KvA', 'https://t.co/E1qGykPUdk']",Prêt à voyager dans le temps? Découvrez l’histoire près de chez vous. #LHN100 https://t.co/4BsQiw8KvA https://t.co/E1qGykPUdk,voyager dans le temps couvrez histoire de chez vous LHN100 https co 4BsQiw8KvA https co E1qGykPUdk,['#LHN100'],4,3,7,unknown,fr,0.0,Neutral,ParcsCanada_tweeter,
584,584,899034511790485504,2017-08-19 22:25:05,"['https://t.co/Dgcclbzxfa', 'https://t.co/N1DTFCPDE7']","75 ans AJD, 5 000 soldats #Canadiens risquaient leur vie au cours de l’opération Jubilee à Dieppe #GMII 🇨🇦 https://t.co/Dgcclbzxfa https://t.co/N1DTFCPDE7",75 ans AJD 000 soldats Canadiens risquaient leur vie au cours de ration Jubilee Dieppe GMII https co Dgcclbzxfa https co N1DTFCPDE7,"['#Canadiens', '#GMII']",2,5,7,unknown,fr,0.0,Neutral,ParcsCanada_tweeter,
578,578,896691590672121856,2017-08-13 11:15:09,"['https://t.co/7bNr2i9J6z', 'https://t.co/iQzxnnVu6p']",Les grands voiliers vont au #LHNPortRoyal et au #LHNAnnapolisRoyal! 🎉 Célébrez leur arrivée et venez les admirer : https://t.co/7bNr2i9J6z https://t.co/iQzxnnVu6p,Les grands voiliers vont au LHNPortRoyal et au LHNAnnapolisRoyal brez leur et venez les admirer https co 7bNr2i9J6z https co iQzxnnVu6p,"['#LHNPortRoyal', '#LHNAnnapolisRoyal']",1,6,7,Economical,fr,0.0,Neutral,ParcsCanada_tweeter,['oil']
606,606,896099255181389825,2017-08-11 20:01:25,['https://t.co/bM5haw3LG'],Nos trésors cachés sont zen! Consultez-les sur notre appli! Où aimez-vous vivre un moment de détente? C’est VOTRE #DéfiParcs https://t.co/bM5haw3LGc,Nos sors sont zen Consultez les sur notre appli aimez vous vivre un moment de tente est VOTRE fiParcs https co bM5haw3LGc,['#D'],3,4,7,Environmental,fr,0.0,Neutral,ParcsCanada_tweeter,"['parc', 'or']"
821,821,899590712660033536,2017-08-21 11:15:14,['https://t.co/CxhxHnwWDz'],#SaviezVousQue la défense torsadée d’un narval est en fait sa dent? #LundiMarin #SVQ https://t.co/CxhxHnwWDz,SaviezVousQue la fense un narval est en fait sa dent LundiMarin SVQ https co CxhxHnwWDz,"['#SaviezVousQue', '#LundiMarin', '#SVQ']",1,5,6,unknown,fr,0.0,Neutral,ParcsCanada_tweeter,
886,886,893060177494245376,2017-08-03 10:45:13,"['https://t.co/cCbypQGKvg', 'https://t.co/b2w2uFrRqY']",Il y a des feux de forêt dans certains parcs nat. en C.-B. et en Alberta. Pour toutes les informations à jour : https://t.co/cCbypQGKvg https://t.co/b2w2uFrRqY,Il des feux de dans certains parcs nat en et en Alberta Pour toutes les informations jour https co cCbypQGKvg https co b2w2uFrRqY,[],3,3,6,Environmental,fr,0.0,Neutral,ParcsCanada_tweeter,"['parc', 'or']"
881,881,893256502798163968,2017-08-03 23:45:20,"['https://t.co/ergwkvrBKt', 'https://t.co/GSHNw8Ex9K']",Prêt à voyager dans le temps? Découvrez l’histoire près de chez vous. #LHN100 https://t.co/ergwkvrBKt https://t.co/GSHNw8Ex9K,voyager dans le temps couvrez histoire de chez vous LHN100 https co ergwkvrBKt https co GSHNw8Ex9K,['#LHN100'],2,4,6,unknown,fr,0.0,Neutral,ParcsCanada_tweeter,
853,853,899716401056841739,2017-08-21 19:34:40,[],RT @PCArcheologie: Demain sur Facebook! En direct du navire – L’expédition perdue de Franklin avec @canada_c3  et le @museedelanature https…,RT PCArcheologie Demain sur Facebook En direct du navire dition perdue de Franklin avec et le museedelanature,[],6,0,6,Environmental,fr,0.1,Neutral,ParcsCanada_tweeter,['nature']
838,838,898153768046473216,2017-08-17 12:05:19,['https://t.co/66FHI1z58o'],Besoin de partager vos photos cet été? Notre #PCAppli est ici pour vous! Téléchargez-la maintenant et  partagez avec vos amis! https://t.co/66FHI1z58o,Besoin de partager vos photos cet Notre PCAppli est ici pour vous chargez la maintenant et partagez avec vos amis https co 66FHI1z58o,['#PCAppli'],3,3,6,Social,fr,0.0,Neutral,ParcsCanada_tweeter,['ami']
831,831,900681737147228160,2017-08-24 11:30:34,"['https://t.co/0CsauMbWka', 'https://t.co/1L7JhxCFeX']","1896 : à l’époque, fourrures et saumons rimaient avec prospérité. Découvrez 146 ans de commerce au #LHNFortStJames! https://t.co/0CsauMbWka https://t.co/1L7JhxCFeX",1896 poque fourrures et saumons rimaient avec couvrez 146 ans de commerce au LHNFortStJames https co 0CsauMbWka https co 1L7JhxCFeX,['#LHNFortStJames'],2,4,6,Environmental,fr,0.0,Neutral,ParcsCanada_tweeter,"['or', 'mer']"
817,817,901491991288131586,2017-08-26 17:10:14,['https://t.co/iVuwqHwy4r'],Dernier appel pour Initiation au camping à #Ottawa en 2017! Allez au parc Andrew Haydon et aux écluses Hartwells ce week-end.@mecpleinair https://t.co/iVuwqHwy4r,Dernier appel pour Initiation au camping Ottawa en 2017 Allez au parc Andrew Haydon et aux cluses Hartwells ce week end mecpleinair https co iVuwqHwy4r,['#Ottawa'],3,3,6,Environmental,en,0.0,Neutral,ParcsCanada_tweeter,"['parc', 'air']"
812,812,895340217347043328,2017-08-09 17:45:17,['https://t.co/2dv1RG3PMw'],Les campeurs #Canadiens ont du goût! Voyez ces superbes photos! Merci de participer au #DéfiParcs de cette semaine https://t.co/2dv1RG3PMw,Les campeurs Canadiens ont du Voyez ces superbes photos Merci de participer au fiParcs de cette semaine https co 2dv1RG3PMw,"['#Canadiens', '#D']",2,4,6,Environmental,fr,0.0,Neutral,ParcsCanada_tweeter,"['parc', 'mer']"
801,801,896763573938139138,2017-08-13 16:01:11,['https://t.co/XKw37sUqLn'],"Nous voulons connaître votre #Lieudedétente, le lieu où vous jouissez d’un #MomentZen! Prenez une photo et partagez-la : #DéfiParcs https://t.co/XKw37sUqLn",Nous voulons tre votre tente le lieu vous jouissez un MomentZen Prenez une photo et partagez la fiParcs https co XKw37sUqLn,"['#Lieuded', '#MomentZen', '#D']",0,6,6,Environmental,fr,0.0,Neutral,ParcsCanada_tweeter,['parc']
800,800,902954259867676672,2017-08-30 18:00:46,['https://t.co/buqVBtgZ7i'],Merci à tous d’avoir partagé des photos! En voilà de très belles! Partez en famille pour le prochain #DéfiParcs! 🐦🐤 https://t.co/buqVBtgZ7i,Merci tous avoir des photos En de belles Partez en famille pour le prochain fiParcs https co buqVBtgZ7i,['#D'],2,4,6,Social,fr,0.0,Neutral,ParcsCanada_tweeter,"['ami', 'famille']"
796,796,902879046853435392,2017-08-30 13:01:54,"['https://t.co/a8MhdWuRQ6', 'https://t.co/DCIdDQY4']","Réponse du #Quiz : Unique au pays, Kejimkujik est à la fois un PN et un LHN! Est-il sur votre liste de voyage? https://t.co/a8MhdWuRQ6 https://t.co/DCIdDQY4D0",ponse du Quiz Unique au pays Kejimkujik est la fois un PN et un LHN Est il sur votre liste de voyage https co a8MhdWuRQ6 https co DCIdDQY4D0,['#Quiz'],2,4,6,unknown,fr,0.46875,Positive,ParcsCanada_tweeter,
1071,1071,901799062432866304,2017-08-27 13:30:25,['https://t.co/wBotf2Cwdf'],"Anecdote! Les morses ont généralement la peau brune, mais elle peut sembler blanche après un plongeon dans les eaux arctiques froides! https://t.co/wBotf2Cwdf",Anecdote Les morses ont ralement la peau brune mais elle peut sembler blanche un plongeon dans les eaux arctiques froides https co wBotf2Cwdf,[],2,3,5,Environmental,fr,0.0,Neutral,ParcsCanada_tweeter,"['eau', 'or']"
1102,1102,903263974539624448,2017-08-31 14:31:28,['https://t.co/JKBVDu1PbO'],Auj. le @dailyplanetshow présente le @PNYoho et leur passage pour animaux dans le cadre du projet de jumelage avec la Transcan. (angl.) https://t.co/JKBVDu1PbO,Auj le dailyplanetshow sente le PNYoho et leur passage pour animaux dans le cadre du projet de jumelage avec la Transcan angl https co JKBVDu1PbO,[],2,3,5,Environmental,fr,0.0,Neutral,ParcsCanada_tweeter,['planet']
1096,1096,903018677661990916,2017-08-30 22:16:44,['https://t.\xe2\x80\xa6'],RT @pnBanff: Les #BisonsDeBanff ont franchi une étape importante vers leur mise en liberté complète au printemps 2018. Détails : https://t.…,RT pnBanff Les BisonsDeBanff ont franchi une tape importante vers leur mise en te au printemps 2018 tails https,['#BisonsDeBanff'],5,0,5,Economical,fr,0.0,Neutral,ParcsCanada_tweeter,['import']
1094,1094,896356917433556993,2017-08-12 13:05:17,"['https://t.co/jKDGAtWH6', 'https://t.co/cZvaXxxcGA']",Joyeuse Journée internationale de la #jeunesse! Joignez un club étudiant pour vous participer : https://t.co/jKDGAtWH62 https://t.co/cZvaXxxcGA,Joyeuse internationale de la jeunesse Joignez un club tudiant pour vous participer https co jKDGAtWH62 https co cZvaXxxcGA,['#jeunesse'],1,4,5,Social,fr,0.0,Neutral,ParcsCanada_tweeter,['jeunes']
1088,1088,898998119500849152,2017-08-19 20:00:28,['https://t.co/Iof52JIPze'],Combien de couleurs pouvez-vous saisir sur une photo de coucher de soleil? Montrez-nous vos plus belles photos! #Défiparcs https://t.co/Iof52JIPze,Combien de couleurs pouvez vous saisir sur une photo de coucher de soleil Montrez nous vos plus belles photos fiparcs https co Iof52JIPze,['#D'],2,3,5,Environmental,fr,0.0,Neutral,ParcsCanada_tweeter,['parc']
1087,1087,899270092558651392,2017-08-20 14:01:12,['https://t.co/NlxGqAMjv7'],"Architecture et histoire de l’agriculture, 2 volets de notre #patrimoine! Visitez le LHN du Homestead-Motherwell pour en savoir davantage! https://t.co/NlxGqAMjv7",Architecture et histoire de agriculture volets de notre patrimoine Visitez le LHN du Homestead Motherwell pour en savoir davantage https co NlxGqAMjv7,['#patrimoine'],1,4,5,Environmental,fr,0.0,Neutral,ParcsCanada_tweeter,['agriculture']
1083,1083,899738151899541504,2017-08-21 21:01:06,['https://t.co/LCQODWWvIe'],#SVQ que l'Écluse-Ascenseur-de-Peterborough est la plus haute écluse ascenseur hydraulique au monde! C'est à découvrir au @LHNTrentSevern https://t.co/LCQODWWvIe,SVQ que cluse Ascenseur de Peterborough est la plus haute cluse ascenseur hydraulique au monde est couvrir au LHNTrentSevern https co LCQODWWvIe,['#SVQ'],1,4,5,Environmental,fr,0.0,Neutral,ParcsCanada_tweeter,['or']
1079,1079,902985186035552258,2017-08-30 20:03:39,['https://t\xe2\x80\xa6'],RT @ministre_ec: Les #BisonsDeBanff s’acclimatent au @PNBanff pour redevenir sauvages d’ici le printemps 2018. Apprenez-en plus : https://t…,RT Les BisonsDeBanff acclimatent au PNBanff pour redevenir sauvages ici le printemps 2018 Apprenez en plus https,['#BisonsDeBanff'],5,0,5,Environmental,fr,0.0,Neutral,ParcsCanada_tweeter,"['climate', 'climat']"
1076,1076,899337839711748096,2017-08-20 18:30:24,['https://t.co/pz8UM20Ss'],"Prenez un moment pour admirer un coucher de soleil 🌄, prenez une photo 📸 et partagez-la! Taguez #Défiparcs pour la montrer! https://t.co/pz8UM20SsC",Prenez un moment pour admirer un coucher de soleil prenez une photo et partagez la Taguez fiparcs pour la montrer https co pz8UM20SsC,['#D'],3,2,5,Environmental,fr,0.0,Neutral,ParcsCanada_tweeter,['parc']
1025,1025,893636460724858885,2017-08-05 00:55:09,"['https://t.co/A8ufgOdE6', 'https://t.co/wdBkxZCvuo']",Les grands voiliers viennent au #LHNForteresseDeLouisbourg! Revivez les années 1700 et joignez-vous aux marins! https://t.co/A8ufgOdE6c https://t.co/wdBkxZCvuo,Les grands voiliers viennent au LHNForteresseDeLouisbourg Revivez les es 1700 et joignez vous aux marins https co A8ufgOdE6c https co wdBkxZCvuo,['#LHNForteresseDeLouisbourg'],2,3,5,Economical,fr,0.0,Neutral,ParcsCanada_tweeter,['oil']
1059,1059,902535146737422338,2017-08-29 14:15:21,"['https://t.co/JFKcLrPijg', 'https://t.co/bAQozVs26']",Les lieux historiques sont juste pour les férus d’histoire? Essayez un de ces sites + changez d'avis : https://t.co/JFKcLrPijg #MardiVoyage https://t.co/bAQozVs268,Les lieux historiques sont juste pour les rus histoire Essayez un de ces sites changez avis https co JFKcLrPijg MardiVoyage https co bAQozVs268,['#MardiVoyage'],3,2,5,Social,fr,0.0,Neutral,ParcsCanada_tweeter,"['historique', 'change']"
1027,1027,893180665080029184,2017-08-03 18:43:59,['https://t.co/yQVKFFzH4x'],Moose Factory commémoré auj. lors du dévoilement d’une plaque avec la Première Nation de Moose Cree. @PatrimoineON #CLMHC @MBGovArchives https://t.co/yQVKFFzH4x,Moose Factory auj lors du voilement une plaque avec la Nation de Moose Cree PatrimoineON CLMHC MBGovArchives https co yQVKFFzH4x,['#CLMHC'],2,3,5,Social,fr,0.0,Neutral,ParcsCanada_tweeter,['archives']
1022,1022,894541192666517505,2017-08-07 12:50:14,['https://t.co/k9AaHJ0zRN'],Joyeux Jour des phares! #SVQ le plus ancien phare de TNL est le phare historique du cap Spear? @ParcsCanadaTNL https://t.co/k9AaHJ0zRN,Joyeux Jour phares SVQ plus ancien phare TNL phare historique cap Spear ParcsCanadaTNL https co k9AaHJ0zRN,['#SVQ'],2,3,5,Environmental,fr,0.0,Neutral,ParcsCanada_tweeter,"['parc', 'or']"
1018,1018,896038999214747648,2017-08-11 16:01:59,['https://t.co/ddD1RXFZom'],"Y a-t-il un endroit plus magique que la réserve de parc national Nahanni? Nous pourrions être biaisés, mais nous ne le pensons pas! https://t.co/ddD1RXFZom",il un endroit plus magique que la serve de parc national Nahanni Nous pourrions mais nous ne le pensons pas https co ddD1RXFZom,[],1,4,5,Environmental,fr,0.0,Neutral,ParcsCanada_tweeter,['parc']
1013,1013,895691600118120448,2017-08-10 17:01:33,"['https://t.co/FA9PKDn2Rb', 'https://t.co/lQa0Yuqv7p']","En quête d’une expérience cinématique unique? Pour #Canada150, Horizon de #sesqui2017, est à Kingston du 11-15 août. https://t.co/FA9PKDn2Rb https://t.co/lQa0Yuqv7p",En une rience matique unique Pour Canada150 Horizon de sesqui2017 est Kingston du 11 15 https co FA9PKDn2Rb https co lQa0Yuqv7p,"['#Canada150', '#sesqui2017']",2,3,5,Environmental,fr,0.375,Positive,ParcsCanada_tweeter,['or']
1012,1012,895359407135088640,2017-08-09 19:01:32,"['https://t.co/qPE0Wu3y9V', 'https://t.co/KwW8Hiwz']",Connaissez-vous Parka? Venez découvrir ses activités dans un de nos endroit près de chez vous! #Canada150 #ClubParka https://t.co/qPE0Wu3y9V https://t.co/KwW8HiwzC2,Connaissez vous Parka Venez couvrir ses dans un de nos endroit de chez vous Canada150 ClubParka https co qPE0Wu3y9V https co KwW8HiwzC2,"['#Canada150', '#ClubParka']",3,2,5,Environmental,fr,0.0,Neutral,ParcsCanada_tweeter,['park']
1010,1010,894643680350535681,2017-08-07 19:37:29,['https://t.co/gWdBN7GghT'],RT @GuideDuRoutard: #CabotTrail : l'une des plus belles routes du monde  #NouvelleEcosse #Canada https://t.co/gWdBN7GghT @VisitNovaScotia @…,RT GuideDuRoutard CabotTrail une des plus belles routes du monde NouvelleEcosse Canada https co gWdBN7GghT VisitNovaScotia,"['#CabotTrail', '#NouvelleEcosse', '#Canada']",5,0,5,unknown,fr,0.0,Neutral,ParcsCanada_tweeter,
1029,1029,892777504393527296,2017-08-02 16:01:58,['https://t.co/ZWChIbbx27'],Merci d’avoir pris part au #DÉFIParcs de cette semaine et d’avoir partagé vos photos sur l’eau! Continuez de chercher un nouveau défi! https://t.co/ZWChIbbx27,Merci avoir pris part au FIParcs de cette semaine et avoir vos photos sur eau Continuez de chercher un nouveau fi https co ZWChIbbx27,['#D'],1,4,5,Environmental,fr,0.0,Neutral,ParcsCanada_tweeter,"['eau', 'parc', 'mer']"
1388,1388,897126142326575105,2017-08-14 16:01:54,['https://t.co/pGL2eHLl'],Comment monter une tente? L'équipe d'Initiation au camping sera au parc Andrew Haydon toute la journée! @mecpleinair #initiationaucamping https://t.co/pGL2eHLlU9,Comment monter une tente quipe Initiation au camping sera au parc Andrew Haydon toute la mecpleinair initiationaucamping https co pGL2eHLlU9,['#initiationaucamping'],0,4,4,Environmental,fr,0.0,Neutral,ParcsCanada_tweeter,"['parc', 'air']"
1399,1399,892909168499228673,2017-08-03 00:45:09,"['https://t.co/0PiVGLR4oS', 'https://t.co/DbbAqxBib']",Qu’il s’agisse de récits ou de chants marins vous ne voulez pas manquer la prochaine aventure au #LHNCanaldeStPeters https://t.co/0PiVGLR4oS https://t.co/DbbAqxBibU,il agisse de cits ou de chants marins vous ne voulez pas manquer la prochaine aventure au LHNCanaldeStPeters https co 0PiVGLR4oS https co DbbAqxBibU,['#LHNCanaldeStPeters'],1,3,4,unknown,fr,0.0,Neutral,ParcsCanada_tweeter,
1400,1400,892869231137738752,2017-08-02 22:06:28,"['https://t.co/cCbypQGKvg', 'https://t.co/DYNGtMKcQ']",Vous allez à Banff ce week-end? Consultez les alertes d’incendie https://t.co/cCbypQGKvg ou @PNBanff avant de vous déplacer! https://t.co/DYNGtMKcQ2,Vous allez Banff ce week end Consultez les alertes incendie https co cCbypQGKvg ou PNBanff avant de vous placer https co DYNGtMKcQ2,[],3,1,4,unknown,fr,0.0,Neutral,ParcsCanada_tweeter,
1409,1409,892810400932257792,2017-08-02 18:12:41,[],RT @pnBanff: La route 93S est fermée à cause d'une incendie. Consultez @DriveBC @511Alberta pour obtenir des renseignements à jour sur la s…,RT pnBanff La route 93S est cause une incendie Consultez DriveBC 511Alberta pour obtenir des renseignements jour sur la,[],4,0,4,unknown,fr,0.0,Neutral,ParcsCanada_tweeter,
1412,1412,892370673116565504,2017-08-01 13:05:22,"['https://t.co/kZQQhAvnOw', 'https://t.co/r9KaV9Cyhf']",Voyez l'histoire sous un autre angle 👀 – planifiez une visite de votre lieu historique préféré! #MardiVoyage https://t.co/kZQQhAvnOw https://t.co/r9KaV9Cyhf,Voyez histoire sous un autre angle planifiez une visite de votre lieu historique MardiVoyage https co kZQQhAvnOw https co r9KaV9Cyhf,['#MardiVoyage'],1,3,4,Social,fr,0.0,Neutral,ParcsCanada_tweeter,['historique']
1423,1423,897503582299107328,2017-08-15 17:01:43,"['https://t.co/3MpoJCQlDA', 'https://t.co/Q5BrsjWsEI']",C’est la #FêtenationaledelAcadie! Quoi de mieux qu’une visite au LHN du Monument-Lefebvre pour fêter cette journée! https://t.co/3MpoJCQlDA https://t.co/Q5BrsjWsEI,est la Quoi de mieux une visite au LHN du Monument Lefebvre pour cette https co 3MpoJCQlDA https co Q5BrsjWsEI,['#F'],0,4,4,unknown,fr,0.0,Neutral,ParcsCanada_tweeter,
1413,1413,893804019130527744,2017-08-05 12:00:58,"['https://t.co/cCbypQGKvg', 'https://t.co/Svozf2ydkL']","Amusez pendant votre séjour au @PNBanff, mais les feux de forêt c’est du sérieux! Pour en savoir plus : https://t.co/cCbypQGKvg https://t.co/Svozf2ydkL",Amusez pendant votre jour au PNBanff mais les feux de est du rieux Pour en savoir plus https co cCbypQGKvg https co Svozf2ydkL,[],2,2,4,unknown,fr,0.0,Neutral,ParcsCanada_tweeter,
1414,1414,892381095995551745,2017-08-01 13:46:47,[],"RT @Explorezsansfin: Au lieu historique national de Signal Hill, plongez dans l’histoire. 📷: @RyanPyle  📍: @NLtweets  #ExploreCanada https:…",RT Explorezsansfin Au lieu historique national de Signal Hill plongez dans histoire RyanPyle NLtweets ExploreCanada https,['#ExploreCanada'],4,0,4,Social,fr,0.0,Neutral,ParcsCanada_tweeter,['historique']
1418,1418,897563071631298560,2017-08-15 20:58:06,[],RT @ministre_ec: Le saviez-vous? Les limites de la NOUVELLE AMNC 🌊 du Canada à Tallurutiup Imanga #DetroitLancaster sont officielles! https…,RT Le saviez vous Les limites de la NOUVELLE AMNC du Canada Tallurutiup Imanga DetroitLancaster sont officielles,['#DetroitLancaster'],4,0,4,unknown,fr,0.0,Neutral,ParcsCanada_tweeter,
1430,1430,893886930001309697,2017-08-05 17:30:26,['https://t.co/JhzDJYQCAw'],"Campez-vous en portant plusieurs vêtements 👕👖👟🎒🕶? Ou vous vous changez souvent? Peu importe, montrez-nous votre style en #camping! https://t.co/JhzDJYQCAw",Campez vous en portant plusieurs Ou vous vous changez souvent Peu importe montrez nous votre style en camping https co JhzDJYQCAw,['#camping'],1,3,4,Social,fr,0.0,Neutral,ParcsCanada_tweeter,['change']
1397,1397,893442708328648704,2017-08-04 12:05:15,['https://t.co/adAPjVBWtx'],C’est le #moisdelarchéologie du Québec! Venez découvrir les trésors archéologique du LHN du Fort Sainte-Thérèse! https://t.co/adAPjVBWtx,est le ologie du bec Venez couvrir les sors ologique du LHN du Fort Sainte se https co adAPjVBWtx,['#moisdelarch'],1,3,4,Environmental,fr,0.0,Neutral,ParcsCanada_tweeter,['or']
1327,1327,898243403078664192,2017-08-17 18:01:30,['https://t.co/mm4aq0PAdO'],Initiez-vous au camping aujourd'hui au Marché By d' #Ottawa! Sortons dehors et partons explorer! @mecpleinair #initiationaucamping #parcsàvi https://t.co/mm4aq0PAdO,Initiez vous au camping aujourd hui au Ottawa Sortons dehors et partons explorer mecpleinair initiationaucamping vi https co mm4aq0PAdO,"['#Ottawa', '#initiationaucamping', '#parcs']",0,4,4,Environmental,fr,0.0,Neutral,ParcsCanada_tweeter,"['or', 'air']"
1386,1386,893503147766943744,2017-08-04 16:05:25,['https://t.co/hChYUqkOyW'],"Lisez les règlements concernant la bière en camping, et surtout, n'oubliez pas de partir #SansTrace. 🍻 #JournéedelaBière https://t.co/hChYUqkOyW",Lisez les glements concernant la en camping et surtout oubliez pas de partir SansTrace https co hChYUqkOyW,"['#SansTrace', '#Journ']",1,3,4,Social,fr,0.0,Neutral,ParcsCanada_tweeter,['race']
1320,1320,897876531648901120,2017-08-16 17:43:41,['https://t.co/nuEJ0bM5KP'],"RT @ParcsCanadaVan: Vous cherchez un emploi @ParcsCanada en C.-B.? Consultez https://t.co/nuEJ0bM5KP , date limite : le 13 septembre #GC ht…",RT ParcsCanadaVan Vous cherchez un emploi ParcsCanada en Consultez https co nuEJ0bM5KP date limite le 13 septembre GC,['#GC'],4,0,4,Environmental,fr,0.0,Neutral,ParcsCanada_tweeter,['parc']
1377,1377,900387654285623300,2017-08-23 16:01:59,"['https://t.co/EFVD8vONK', 'https://t.co/2afphoRNyx']",Le @PNPointPelee foisonne d’activités! Nous vous lançons le défi d’en essayer une nouvelle pendant #Canada150! https://t.co/EFVD8vONKd https://t.co/2afphoRNyx,Le PNPointPelee foisonne Nous vous ons le fi en essayer une nouvelle pendant Canada150 https co EFVD8vONKd https co 2afphoRNyx,['#Canada150'],1,3,4,Environmental,fr,0.0,Neutral,ParcsCanada_tweeter,['or']
1316,1316,898650873965854721,2017-08-18 21:00:39,['https://t.co/FLi6nS7VF5'],Un nombre record de 63 poussins de grues blanches ont été comptés au #PNWoodBuffalo en 2017! La conservation à son meilleur! https://t.co/FLi6nS7VF5,Un nombre record de 63 poussins de grues blanches ont au PNWoodBuffalo en 2017 La conservation son meilleur https co FLi6nS7VF5,['#PNWoodBuffalo'],1,3,4,Environmental,fr,0.0,Neutral,ParcsCanada_tweeter,"['conservation', 'or']"
1318,1318,898620948395458560,2017-08-18 19:01:44,"['https://t.co/1MPvs2qPaK', 'https://t.co/W4vwdSWGm6']",La #CarteDécouverte : une chance de remporter de beaux prix dont un voyage mémorable au #PNGrosMorne! #ConcoursParcs https://t.co/1MPvs2qPaK https://t.co/W4vwdSWGm6,La couverte une chance de remporter de beaux prix dont un voyage morable au PNGrosMorne ConcoursParcs https co 1MPvs2qPaK https co W4vwdSWGm6,"['#CarteD', '#PNGrosMorne', '#ConcoursParcs']",0,4,4,Environmental,fr,0.0,Neutral,ParcsCanada_tweeter,"['eau', 'parc', 'or', 'vert']"
1308,1308,898730013976965120,2017-08-19 02:15:07,"['https://t.co/GbwPqZWOFb', 'https://t.co/soDck1IuCx']",Tout le monde à bord! Voyez 30+ grands voiliers naviguant sur les eaux 🇨🇦  à @2017Rdv à #StJohn #NouveauBrunswick : https://t.co/GbwPqZWOFb https://t.co/soDck1IuCx,Tout le monde bord Voyez 30 grands voiliers naviguant sur les eaux 2017Rdv StJohn NouveauBrunswick https co GbwPqZWOFb https co soDck1IuCx,"['#StJohn', '#NouveauBrunswick']",1,3,4,Environmental,fr,0.0,Neutral,ParcsCanada_tweeter,"['eau', 'or']"
1325,1325,897911189543563266,2017-08-16 20:01:24,['https://t.co/blfAYV8sqV'],Vous cherchez une vue spectaculaire de la côte est du Canada? Le LHN de la Tour-Martello-de-Carleton à Saint John vous comblera! #Canada150 https://t.co/blfAYV8sqV,Vous cherchez une vue spectaculaire de la te est du Canada Le LHN de la Tour Martello de Carleton Saint John vous comblera Canada150 https co blfAYV8sqV,['#Canada150'],0,4,4,Environmental,fr,0.0,Neutral,ParcsCanada_tweeter,['air']
1363,1363,899062211590709253,2017-08-20 00:15:09,['https://t.co/QljbAmOLqt'],"Qu'ont en commun les morses, les phoques, les bélugas et les narvals? Tallurutiup Imanga/#détroitLancaster est leur chez-soi! ❤️ https://t.co/QljbAmOLqt",Qu ont en commun les morses les phoques les lugas et les narvals Tallurutiup Imanga troitLancaster est leur chez soi https co QljbAmOLqt,['#d'],0,4,4,Environmental,fr,0.0,Neutral,ParcsCanada_tweeter,"['gas', 'or']"
1368,1368,899641048577830913,2017-08-21 14:35:15,"['https://t.co/3V9mYvznOT', 'https://t.co/f85xkQb3XR']",Il reste encore du temps pour découvrir les #trésorscachés! Planifiez aujourd'hui! #LundiMotivation  https://t.co/3V9mYvznOT https://t.co/f85xkQb3XR,Il reste encore du temps pour couvrir les Planifiez aujourd hui LundiMotivation https co 3V9mYvznOT https co f85xkQb3XR,"['#tr', '#LundiMotivation']",1,3,4,Environmental,fr,0.0,Neutral,ParcsCanada_tweeter,['or']
1371,1371,902522523971178496,2017-08-29 13:25:12,[],RT @PCArcheologie: Cette plaque de ceinture appartenait à un membre du « Butler's Rangers » : une milice de la Guerre révolutionnaire améri…,RT PCArcheologie Cette plaque de ceinture appartenait un membre du Butler Rangers une milice de la Guerre volutionnaire,[],4,0,4,Environmental,fr,0.0,Neutral,ParcsCanada_tweeter,"['ice', 'air']"
1562,1562,892847539774509056,2017-08-02 20:40:16,"['https://t.co/BMLGnQ5U8M', 'https://t.co/1yLiexkQ5W']",Vous préférez explorer en solo? Utilisez l’appli Explora pour découvrir le LHN du Fort-Témiscamingue! #Canada150  https://t.co/BMLGnQ5U8M https://t.co/1yLiexkQ5W,Vous rez explorer en solo Utilisez appli Explora pour couvrir le LHN du Fort miscamingue Canada150 https co BMLGnQ5U8M https co 1yLiexkQ5W,['#Canada150'],0,3,3,Social,fr,0.0,Neutral,ParcsCanada_tweeter,['ami']
1618,1618,898897404409335815,2017-08-19 13:20:16,"['https://t.co/RVTVqsqfr5', 'https://t.co/bLF5yFvKdk']",C’est la Journée mondiale des #abeilles! 🐝 Protégez la faune + téléchargez vos photos de la nature au #iNaturalist : https://t.co/RVTVqsqfr5 https://t.co/bLF5yFvKdk,est la mondiale des abeilles gez la faune chargez vos photos de la nature au iNaturalist https co RVTVqsqfr5 https co bLF5yFvKdk,"['#abeilles', '#iNaturalist']",2,1,3,Environmental,fr,0.0,Neutral,ParcsCanada_tweeter,"['natural', 'faune', 'nature']"
1596,1596,901119703711657986,2017-08-25 16:30:54,"['https://t.co/TRojCBlM4T', 'https://t.co/GblIYsk1DO']","#EnCeJour en 1960, le #SSKeno est le dernier navire à vapeur à voyager, sans aide, sur le cours supérieur du Yukon! https://t.co/TRojCBlM4T https://t.co/GblIYsk1DO",EnCeJour en 1960 le SSKeno est le dernier navire vapeur voyager sans aide sur le cours rieur du Yukon https co TRojCBlM4T https co GblIYsk1DO,"['#EnCeJour', '#SSKeno']",1,2,3,unknown,fr,0.0,Neutral,ParcsCanada_tweeter,
1591,1591,900749847720013824,2017-08-24 16:01:13,['https://t.co/bJXO4RyH5l'],"Sortez ce week-end et observez les oiseaux! Cette semaine, le #DéfiParcs est d’aller voir les #oiseaux! Que voyez-vous? 🐦 https://t.co/bJXO4RyH5l",Sortez ce week end et observez les oiseaux Cette semaine le fiParcs est aller voir les oiseaux Que voyez vous https co bJXO4RyH5l,"['#D', '#oiseaux']",3,0,3,Environmental,fr,0.0,Neutral,ParcsCanada_tweeter,"['oiseau', 'eau', 'parc', 'oiseaux', 'or']"
1587,1587,900720331454918656,2017-08-24 14:03:56,[],RT @Transports_gc: Vous allez dans un parc national de @ParcsCanada? Attention aux animaux qui pourraient traverser la route! #SécuritéRout…,RT Vous allez dans un parc national de ParcsCanada Attention aux animaux qui pourraient traverser la route,['#S'],3,0,3,Environmental,fr,0.0,Neutral,ParcsCanada_tweeter,['parc']
1585,1585,900326975465824256,2017-08-23 12:00:52,['https://t.co/Zz3tBMxoPj'],La physe des fontaines de Banff 🐌 n’existe qu’au @PNBanff! Elle vit dans de petites parcelles d’habitat rare et  fragile #MecrediDeLaFaune https://t.co/Zz3tBMxoPj,La physe des fontaines de Banff existe au PNBanff Elle vit dans de petites parcelles habitat rare et fragile MecrediDeLaFaune https co Zz3tBMxoPj,['#MecrediDeLaFaune'],3,0,3,Environmental,fr,0.15,Neutral,ParcsCanada_tweeter,"['parc', 'faune']"
1580,1580,900817865149992960,2017-08-24 20:31:30,[],"RT @Myriam_Arpin: Une belle visite dans les @CanauxQuebec et à @ParcsCanada, pourquoi pas? :) #partagezlachaise #sharethechair #Canada150 h…",RT Une belle visite dans les CanauxQuebec et ParcsCanada pourquoi pas partagezlachaise sharethechair Canada150,"['#partagezlachaise', '#sharethechair', '#Canada150']",3,0,3,Environmental,fr,0.5,Positive,ParcsCanada_tweeter,"['parc', 'air']"
1569,1569,896889132923764736,2017-08-14 00:20:07,"['https://t.co/nYgAVH6Zj', 'https://t.co/ZTMj4ilkWQ']",#SVQ nous gérons 171 lieux historiques? Voyagez dans le temps et découvrez notre #histoire : https://t.co/nYgAVH6Zjd #DimancheDécouverte https://t.co/ZTMj4ilkWQ,SVQ nous rons 171 lieux historiques Voyagez dans le temps et couvrez notre histoire https co nYgAVH6Zjd couverte https co ZTMj4ilkWQ,"['#SVQ', '#histoire', '#DimancheD']",1,2,3,Environmental,fr,0.0,Neutral,ParcsCanada_tweeter,"['or', 'vert']"
1560,1560,895321480094924800,2017-08-09 16:30:49,"['https://t.co/ljkuIn4Ymv', 'https://t.co/yDgO9sRvYN']","Vivez la vie d’un soldat au LHN du Fort-Malden! Enrolez-vous, tirez au mousquet et goûtez le ragoût des troupes. https://t.co/ljkuIn4Ymv https://t.co/yDgO9sRvYN",Vivez la vie un soldat au LHN du Fort Malden Enrolez vous tirez au mousquet et tez le des troupes https co ljkuIn4Ymv https co yDgO9sRvYN,[],0,3,3,Environmental,fr,0.0,Neutral,ParcsCanada_tweeter,['or']
1555,1555,893940967291703298,2017-08-05 21:05:09,['https://t.co/rr2zlFjweW'],C’est vrai… #Parka est très mignon! Ajoutez-le à vos aventures d’été avec les autocollants de notre #PCAppli! https://t.co/rr2zlFjweW,est Parka est mignon Ajoutez le vos aventures avec les autocollants de notre PCAppli https co rr2zlFjweW,"['#Parka', '#PCAppli']",0,3,3,Environmental,fr,0.0,Neutral,ParcsCanada_tweeter,['park']
1552,1552,894191653363306497,2017-08-06 13:41:18,[],RT @PMcanadien: Le premier ministre Justin Trudeau et Mme Sophie Grégoire-Trudeau font du kayak près de la réserve de parc national des Île…,RT PMcanadien Le premier ministre Justin Trudeau et Mme Sophie goire Trudeau font du kayak de la serve de parc national des,[],3,0,3,Environmental,fr,0.0,Neutral,ParcsCanada_tweeter,"['eau', 'parc']"
1550,1550,895751904222904321,2017-08-10 21:01:10,"['https://t.co/uXb2Zfkqnf', 'https://t.co/JYZd03Z5kh']","#EnCeJour en 1928, le PM Mackenzie King inaugure le PN de Prince Albert! Un superbe parc pour un voyage de camping! https://t.co/uXb2Zfkqnf https://t.co/JYZd03Z5kh",EnCeJour 1928 PM Mackenzie King inaugure PN Prince Albert superbe parc voyage camping https co uXb2Zfkqnf https co JYZd03Z5kh,['#EnCeJour'],0,3,3,Environmental,en,0.0,Neutral,ParcsCanada_tweeter,['parc']
1540,1540,898276864665559040,2017-08-17 20:14:28,[],RT @PCArcheologie: Notre 1e mission à l’épave #HMSErebus nous a permis de découvrir la cloche du bateau! 🔔 Que trouverons-nous cette fois-c…,RT PCArcheologie Notre 1e mission pave HMSErebus nous permis de couvrir la cloche du bateau Que trouverons nous cette fois,['#HMSErebus'],3,0,3,Environmental,fr,0.0,Neutral,ParcsCanada_tweeter,['eau']
1525,1525,897254102056435713,2017-08-15 00:30:22,"['https://t.co/MCct75q5Lm', 'https://t.co/IywiZI58v']","Cette semaine en #histoire: Lt.Col. Charles Merritt se bat à Dieppe, reçoit la Croix de Victoria pour son courage https://t.co/MCct75q5Lm https://t.co/IywiZI58v1",Cette semaine en histoire Lt Col Charles Merritt se bat Dieppe oit la Croix de Victoria pour son courage https co MCct75q5Lm https co IywiZI58v1,['#histoire'],1,2,3,Environmental,fr,0.0,Neutral,ParcsCanada_tweeter,"['or', 'mer']"
1500,1500,902665954152337409,2017-08-29 22:55:08,['https://t.co/ZRSNOTqrF7'],"🤫! #SVQ que les narvals de 🇨🇦 Tallurutiup Imanga/#détroitLancaster sont 
sensibles au bruit? https://t.co/ZRSNOTqrF7",SVQ que les narvals de Tallurutiup Imanga troitLancaster sont sensibles au bruit https co ZRSNOTqrF7,"['#SVQ', '#d']",0,3,3,unknown,fr,0.0,Neutral,ParcsCanada_tweeter,
1465,1465,902863854950080512,2017-08-30 12:01:32,['https://t.co/YVONVw5FMf'],C'est l’heure du #Quiz #Canada150! Un seul endroit au Canada est à la fois un PN et un LHN. Pouvez-vous le nommer? https://t.co/YVONVw5FMf,est heure du Quiz Canada150 Un seul endroit au Canada est la fois un PN et un LHN Pouvez vous le nommer https co YVONVw5FMf,"['#Quiz', '#Canada150']",1,2,3,Environmental,fr,0.0,Neutral,ParcsCanada_tweeter,['mer']
1876,1876,897858203098238980,2017-08-16 16:30:51,"['https://t.co/chTaHgq', 'https://t.co/uoJI3n6UXa']",Vous êtes tombé en ❤ avec le PN #GrosMorne après @AmazingRaceCda hier? Participez au #ConcoursParcs! https://t.co/chTaHgquUc https://t.co/uoJI3n6UXa,Vous en avec le PN GrosMorne AmazingRaceCda hier Participez au ConcoursParcs https co chTaHgquUc https co uoJI3n6UXa,"['#GrosMorne', '#ConcoursParcs']",1,1,2,Social,fr,0.0,Neutral,ParcsCanada_tweeter,['race']
2274,2274,893226290718924800,2017-08-03 21:45:17,['https://t.co/8X70Q08XV'],C’est la Journée nationale des pastèques! Profitez du soleil 🌞 et apportez une 🍉  à un pique-nique dans un de nos sites! https://t.co/8X70Q08XVu,est la nationale des ques Profitez du soleil et apportez une un pique nique dans un de nos sites https co 8X70Q08XVu,[],1,1,2,Environmental,fr,0.0,Neutral,ParcsCanada_tweeter,['or']
2248,2248,893995065047216128,2017-08-06 00:40:07,"['https://t.co/Jq3KUk9DSV', 'https://t.co/fWZtxtyQUo']",Parka et Chirp vous invitent à profiter de l’été en participant à notre app. gratuite Missions Photo! #ClubParka https://t.co/Jq3KUk9DSV https://t.co/fWZtxtyQUo,Parka et Chirp vous invitent profiter de en participant notre app gratuite Missions Photo ClubParka https co Jq3KUk9DSV https co fWZtxtyQUo,['#ClubParka'],1,1,2,Environmental,en,0.0,Neutral,ParcsCanada_tweeter,['park']
1972,1972,901244090825797634,2017-08-26 00:45:10,"['https://t.co/53GmJZtA4H', 'https://t.co/lw7a3WoM6O']",Il est encore temps de faire de l'été 2017 le meilleur que vous ayez eu! 🌞 Découvrez notre liste d’activités (8) : https://t.co/53GmJZtA4H https://t.co/lw7a3WoM6O,Il est encore temps de faire de 2017 le meilleur que vous ayez eu couvrez notre liste https co 53GmJZtA4H https co lw7a3WoM6O,[],0,2,2,Environmental,fr,0.5,Positive,ParcsCanada_tweeter,"['or', 'air']"
1969,1969,901429254856093696,2017-08-26 13:00:56,['https://t.co/oBexJeAGT'],"Il y a tellement de beaux endroits pour observer les oiseaux, quel est votre lieu préféré? Montrez-nous ce que vous observez! #DéfiParcs 🐤 https://t.co/oBexJeAGTd",Il tellement de beaux endroits pour observer les oiseaux quel est votre lieu Montrez nous ce que vous observez fiParcs https co oBexJeAGTd,['#D'],1,1,2,Environmental,fr,0.0,Neutral,ParcsCanada_tweeter,"['oiseau', 'eau', 'parc', 'oiseaux']"
1966,1966,900130693879128065,2017-08-22 23:00:55,"['https://t.co/AMoIkxDqUq', 'https://t.co/zAkMgm4tz5']",Que connaissez-vous de la vie des habitants du milieu du 19e siècle? Remontez le temps au LHN Sir-Wilfrid-Laurier https://t.co/AMoIkxDqUq https://t.co/zAkMgm4tz5,Que connaissez vous de la vie des habitants du milieu du 19e cle Remontez le temps au LHN Sir Wilfrid Laurier https co AMoIkxDqUq https co zAkMgm4tz5,[],0,2,2,unknown,fr,0.0,Neutral,ParcsCanada_tweeter,
1908,1908,901610376986591232,2017-08-27 01:00:39,"['https://t.co/k3h8m56w2F', 'https://t.co/x737t3gIo']","#PNTerraNova nous ont aidé à développer cette amusante activité en plein air :
https://t.co/k3h8m56w2F @ParcsCanadaTNL #ClubParka https://t.co/x737t3gIo8",PNTerraNova nous ont velopper cette amusante en plein air https co k3h8m56w2F ParcsCanadaTNL ClubParka https co x737t3gIo8,"['#PNTerraNova', '#ClubParka']",0,2,2,Environmental,en,0.0,Neutral,ParcsCanada_tweeter,"['parc', 'park', 'air']"
1883,1883,898684735593082881,2017-08-18 23:15:12,['https://t.co/3mYvmgjGZE'],Tallurutiup Imanga/#détroitLancaster est une zone d'alimentation clé pour des milliers d'oiseaux de mer dans l’Arctique #canadien! 🐤 🌊 https://t.co/3mYvmgjGZE,Tallurutiup Imanga troitLancaster est une zone alimentation pour des milliers oiseaux de mer dans Arctique canadien https co 3mYvmgjGZE,"['#d', '#canadien']",0,2,2,Environmental,fr,0.0,Neutral,ParcsCanada_tweeter,"['oiseau', 'eau', 'oiseaux', 'mer']"
1900,1900,901821894030176258,2017-08-27 15:01:09,['https://t.co/rkOxWMNE66'],Vous avez un endroit préféré où vous observez les oiseaux? Et une photo préférée? On veut la voir! C’est le #DéfiParcs de cette semaine https://t.co/rkOxWMNE66,Vous avez un endroit vous observez les oiseaux Et une photo veut la voir est le fiParcs de cette semaine https co rkOxWMNE66,['#D'],1,1,2,Environmental,fr,0.0,Neutral,ParcsCanada_tweeter,"['oiseau', 'eau', 'parc', 'oiseaux']"
1873,1873,897193753680785408,2017-08-14 20:30:34,['https://t.co/cNU4qHXcKZ'],"Demain, voyez les participants d’@AmazingRaceCDA parcourir le PN #GrosMorne! Un site magnifique de @ParcsCanadaTNL. https://t.co/cNU4qHXcKZ",Demain voyez les participants AmazingRaceCDA parcourir le PN GrosMorne Un site magnifique de ParcsCanadaTNL https co cNU4qHXcKZ,['#GrosMorne'],0,2,2,Social,fr,0.0,Neutral,ParcsCanada_tweeter,['race']
1862,1862,897810654224146434,2017-08-16 13:21:55,[],RT @PCArcheologie: #Rappel : Notre équipe retourne à l'épave #HMSErebus! Restez à l’affût de #VendrediFranklin et voyez des photos et du co…,RT PCArcheologie Rappel Notre quipe retourne pave HMSErebus Restez de VendrediFranklin et voyez des photos et du,"['#Rappel', '#HMSErebus', '#VendrediFranklin']",2,0,2,unknown,fr,0.0,Neutral,ParcsCanada_tweeter,
1853,1853,897563824655441920,2017-08-15 21:01:06,['https://t.co/Bhr1vx8daa'],Ne manquez pas ça! Les participants d’@AmazingRaceCDA sont au PN #GrosMorne ce soir! https://t.co/Bhr1vx8daa,Ne manquez pas Les participants AmazingRaceCDA sont au PN GrosMorne ce soir https co Bhr1vx8daa,['#GrosMorne'],1,1,2,Social,fr,0.0,Neutral,ParcsCanada_tweeter,['race']
1849,1849,895721804626620416,2017-08-10 19:01:34,"['https://t.co/1MPvs2qPaK', 'https://t.co/SCybxhYEk']",Le #ConcoursParcs vous offre la chance de vivre l’histoire des vikings au LHN de l'#AnseauxMeadows! #CarteDécouverte https://t.co/1MPvs2qPaK https://t.co/SCybxhYEk2,Le ConcoursParcs vous offre la chance de vivre histoire des vikings au LHN de AnseauxMeadows couverte https co 1MPvs2qPaK https co SCybxhYEk2,"['#ConcoursParcs', '#AnseauxMeadows', '#CarteD']",0,2,2,Environmental,fr,0.0,Neutral,ParcsCanada_tweeter,"['eau', 'parc', 'vert']"
1838,1838,896115307441397760,2017-08-11 21:05:12,['https://t.co/kCcRivkxKT'],"Clic! Un #Égoportrait! Prise d’une photo dans l'un de nos sites avec notre nouvelle #PCAppli + déverrouillez des filtres, badges et plus! https://t.co/kCcRivkxKT",Clic Un goportrait Prise une photo dans un de nos sites avec notre nouvelle PCAppli verrouillez des filtres badges et plus https co kCcRivkxKT,"['#', '#PCAppli']",1,1,2,Environmental,fr,0.0,Neutral,ParcsCanada_tweeter,['or']
1836,1836,894196622623731718,2017-08-06 14:01:02,['https://t.co/k0XOokQRP5'],"Un chandail confortable? Que pensez-vous de la collection stylée du @BoutiqueParcs ? Peu importe, montrez-nous votre style! #DéfiParcs https://t.co/k0XOokQRP5",Un chandail confortable Que pensez vous de la collection du BoutiqueParcs Peu importe montrez nous votre style fiParcs https co k0XOokQRP5,['#D'],0,2,2,Environmental,fr,0.0,Neutral,ParcsCanada_tweeter,"['parc', 'or']"
1833,1833,894585270103711744,2017-08-07 15:45:23,"['https://t.co/vvC4TM6f', 'https://t.co/P3LEOYMpz']",Les LHN offrent tellement d’occasions de découvertes! Planifiez dès aujourd’hui votre visite au LHN du Fort-Lennox. https://t.co/vvC4TM6fuC https://t.co/P3LEOYMpz8,Les LHN offrent tellement occasions de couvertes Planifiez hui votre visite au LHN du Fort Lennox https co vvC4TM6fuC https co P3LEOYMpz8,[],0,2,2,Environmental,fr,0.0,Neutral,ParcsCanada_tweeter,"['or', 'vert']"
1828,1828,896365705788096513,2017-08-12 13:40:12,['https://t.co/T61tFHSuKN'],"En bateau 🚣‍♀️, en randonnée 🚶 ou dans votre cour 🏡. Où allez-vous pour jouir d’un #MomentZen? Partagez une photo : #DéfiParcs https://t.co/T61tFHSuKN",En bateau en ou dans votre cour allez vous pour jouir un MomentZen Partagez une photo fiParcs https co T61tFHSuKN,"['#MomentZen', '#D']",0,2,2,Environmental,fr,0.0,Neutral,ParcsCanada_tweeter,"['eau', 'parc']"
1867,1867,895798206688362498,2017-08-11 00:05:10,['https://t.co/rIf1L5dhNq'],"Préparez vos guimauves, chocolat et biscuits graham... c'est le Jour national des S’mores! 🍫  Planifiez à l’avance et mangez-en en #camping! https://t.co/rIf1L5dhNq",parez vos guimauves chocolat et biscuits graham est le Jour national des mores Planifiez avance et mangez en en camping https co rIf1L5dhNq,['#camping'],0,2,2,Environmental,fr,0.0,Neutral,ParcsCanada_tweeter,['or']
2733,2733,902637277817565185,2017-08-29 21:01:11,"['https://t.co/zSbMmd5gzW', 'https://t.co/HUehRzwO63']","L’été tire à sa fin, mais il y a encore beaucoup de plaisir en vue au @PNKouchibouguac! Jetez un œil à nos activités https://t.co/zSbMmd5gzW https://t.co/HUehRzwO63",tire sa fin mais il encore beaucoup de plaisir en vue au PNKouchibouguac Jetez un il nos https co zSbMmd5gzW https co HUehRzwO63,[],1,0,1,Environmental,fr,0.0,Neutral,ParcsCanada_tweeter,"['eau', 'or']"
2534,2534,894169983424618496,2017-08-06 12:15:11,"['https://t.co/0BKS8GbJi', 'https://t.co/btfHxNdIXx']",Visitez notre chaîne #YouTube pour voir toutes nos vidéos #DéfiParcs! Revoyez tout le plaisir que nous avons eu : https://t.co/0BKS8GbJi0 https://t.co/btfHxNdIXx,Visitez notre ne YouTube pour voir toutes nos os fiParcs Revoyez tout le plaisir que nous avons eu https co 0BKS8GbJi0 https co btfHxNdIXx,"['#YouTube', '#D']",0,1,1,Environmental,fr,0.0,Neutral,ParcsCanada_tweeter,['parc']
2725,2725,902925243135795200,2017-08-30 16:05:28,['https://t.co/qMLNtR9A5K'],Guimauves et feu de camp = une tradition de #camping! Célébrez le Jour des guimauves et partagez une 📸 de vous en camping! 🏕 https://t.co/qMLNtR9A5K,Guimauves et feu de camp une tradition de camping brez le Jour des guimauves et partagez une de vous en camping https co qMLNtR9A5K,['#camping'],0,1,1,unknown,fr,0.0,Neutral,ParcsCanada_tweeter,
2727,2727,902881241367814144,2017-08-30 13:10:37,"['https://t.co/U2QmGegdCR', 'https://t.co/hgs8ixF\xe2\x80\xa6']",RT @ACIA_Canada: Vous pensez avoir vu le puceron lanigère de la pruche? Faites-nous-le savoir. https://t.co/U2QmGegdCR https://t.co/hgs8ixF…,RT Vous pensez avoir vu le puceron de la pruche Faites nous le savoir https co U2QmGegdCR https co,[],1,0,1,unknown,fr,0.0,Neutral,ParcsCanada_tweeter,
2731,2731,903247298418941952,2017-08-31 13:25:12,['https://t.co/KA3Nm7ePp'],"Prenez une collation et sortez dehors, c’est la Journée du mélange granolas et noix du randonneur! Quel est votre #sentier préféré? https://t.co/KA3Nm7ePp8",Prenez une collation et sortez dehors est la du lange granolas et noix du randonneur Quel est votre sentier https co KA3Nm7ePp8,['#sentier'],1,0,1,Environmental,fr,0.0,Neutral,ParcsCanada_tweeter,['or']
2745,2745,903403323495198720,2017-08-31 23:45:11,"['https://t.co/iLVOPPKcLM', 'https://t.co/OSGJKbvIdj']",#SVQ la #ForteresseLouisbourg est toujours aussi intéressante durant la saison intermédiaire? Soyez des nôtres : https://t.co/iLVOPPKcLM https://t.co/OSGJKbvIdj,SVQ la ForteresseLouisbourg est toujours aussi ressante durant la saison diaire Soyez des tres https co iLVOPPKcLM https co OSGJKbvIdj,"['#SVQ', '#ForteresseLouisbourg']",0,1,1,Environmental,fr,0.0,Neutral,ParcsCanada_tweeter,"['or', 'air']"
2737,2737,902331256955920385,2017-08-29 00:45:10,"['https://t.co/qaqVFlkGas', 'https://t.co/X0ZfIo3ZWL']",L’été n'est pas encore terminé! 🌞 Consultez cette liste pour vos meilleures aventures de fin d’été : https://t.co/qaqVFlkGas https://t.co/X0ZfIo3ZWL,est pas encore Consultez cette liste pour vos meilleures aventures de fin https co qaqVFlkGas https co X0ZfIo3ZWL,[],1,0,1,Environmental,fr,0.0,Neutral,ParcsCanada_tweeter,"['gas', 'or']"
2739,2739,901943689072832513,2017-08-27 23:05:07,['https://t.co/SnslYJwZS4'],C'est la Nuit internationale des chauves-souris! 🦇 Voyez comment VOUS pouvez aider à protéger cette #EspèceEnPéril! https://t.co/SnslYJwZS4,est la Nuit internationale des chauves souris Voyez comment VOUS pouvez aider ger cette ril https co SnslYJwZS4,['#Esp'],0,1,1,unknown,fr,0.0,Neutral,ParcsCanada_tweeter,
2740,2740,902206822400098305,2017-08-28 16:30:43,['https://t.co/aIWzGsMp0A'],#SVQ le LHN du Fort Prince-de-Galles a été bâti par la Cie de la Baie d'Hudson? Il a joué un rôle majeur dans le commerce de la fourrure. https://t.co/aIWzGsMp0A,SVQ le LHN du Fort Prince de Galles ti par la Cie de la Baie Hudson Il un le majeur dans le commerce de la fourrure https co aIWzGsMp0A,['#SVQ'],1,0,1,Environmental,fr,0.0,Neutral,ParcsCanada_tweeter,"['or', 'mer']"
2530,2530,893532364416180224,2017-08-04 18:01:31,['https://t.co/t3YWG3uJPA'],Soyez des nôtres au parc Andrew Haydon cette fin de semaine et apprenez tout sur le camping! @mecpleinair #initiationaucamping @ottawaville https://t.co/t3YWG3uJPA,Soyez des tres au parc Andrew Haydon cette fin de semaine et apprenez tout sur le camping mecpleinair initiationaucamping ottawaville https co t3YWG3uJPA,['#initiationaucamping'],0,1,1,Environmental,fr,0.0,Neutral,ParcsCanada_tweeter,"['parc', 'air']"
2749,2749,901986464971579392,2017-08-28 01:55:06,"['https://t.co/0BKS8GbJi', 'https://t.co/LViBgdrgGh']",Visitez notre chaîne #YouTube pour voir toutes nos vidéos #DéfiParcs! Revoyez tout le plaisir que nous avons eu : https://t.co/0BKS8GbJi0 https://t.co/LViBgdrgGh,Visitez notre ne YouTube pour voir toutes nos os fiParcs Revoyez tout le plaisir que nous avons eu https co 0BKS8GbJi0 https co LViBgdrgGh,"['#YouTube', '#D']",1,0,1,Environmental,fr,0.0,Neutral,ParcsCanada_tweeter,['parc']
2752,2752,901459683264925696,2017-08-26 15:01:51,['https://t.co/cFuOwOMFCE'],"Pour voir le site canadien des pingos, vous pourrez emprunter la nouvelle route toutes saisons en construction entre #Inuvik et Tuktoyaktuk! https://t.co/cFuOwOMFCE",voir site canadien pingos pourrez emprunter nouvelle route toutes saisons construction entre Inuvik Tuktoyaktuk https co cFuOwOMFCE,['#Inuvik'],0,1,1,unknown,fr,0.0,Neutral,ParcsCanada_tweeter,
2531,2531,893562475383271428,2017-08-04 20:01:10,['https://t.co/DxF3ZyVayv'],"Tartan ✔, souliers de marche✔, shorts ✔! Que portez-vous en #camping? Montrez-le nous et utilisez le mot-clic : #DéfiParcs! https://t.co/DxF3ZyVayv",Tartan souliers de shorts Que portez vous en camping Montrez le nous et utilisez le mot clic fiParcs https co DxF3ZyVayv,"['#camping', '#D']",0,1,1,Environmental,fr,0.0,Neutral,ParcsCanada_tweeter,"['parc', 'or']"
2509,2509,901203842481750017,2017-08-25 22:05:14,['https://t.co/b3sfgZUqow'],Téléchargez notre nouvelle #PCAppli – elle renferme des autocollants pour toutes les occasions + d’autres reliés à nos sites ! https://t.co/b3sfgZUqow,chargez notre nouvelle PCAppli elle renferme des autocollants pour toutes les occasions autres nos sites https co b3sfgZUqow,['#PCAppli'],0,1,1,unknown,fr,0.0,Neutral,ParcsCanada_tweeter,
2527,2527,892539230592925696,2017-08-02 00:15:09,"['https://t.co/bkS8lYldbz', 'https://t.co/EfBv2CVNW']",#SVQ le LHN de Port-la-Joye–Fort Amherst avait récemment rouvert de nouveaux sentiers qui marient histoire + nature? https://t.co/bkS8lYldbz https://t.co/EfBv2CVNW2,SVQ le LHN de Port la Fort Amherst avait cemment rouvert de nouveaux sentiers qui marient histoire nature https co bkS8lYldbz https co EfBv2CVNW2,['#SVQ'],0,1,1,Environmental,fr,0.0,Neutral,ParcsCanada_tweeter,"['eau', 'or', 'vert', 'nature']"
2524,2524,892436401232510976,2017-08-01 17:26:33,[],RT @PCArcheologie: C'est l'anniversaire de la bataille de Passchendaele! Ce manteau aurait été porté par un officier canadien #NosCoffres #…,RT PCArcheologie est anniversaire de la bataille de Passchendaele Ce manteau aurait par un officier canadien NosCoffres,"['#NosCoffres', '#']",1,0,1,Environmental,fr,0.0,Neutral,ParcsCanada_tweeter,"['eau', 'air']"
2512,2512,894664579141300224,2017-08-07 21:00:32,"['https://t.co/DDHwvtq8iQ', 'https://t.co/EBmW5YW3h']","Cette semaine en #histoire: Une dangereuse première élection #CndHist 
https://t.co/DDHwvtq8iQ https://t.co/EBmW5YW3h0",Cette semaine en histoire Une dangereuse lection CndHist https co DDHwvtq8iQ https co EBmW5YW3h0,"['#histoire', '#CndHist']",0,1,1,unknown,fr,0.0,Neutral,ParcsCanada_tweeter,
2507,2507,900016779505913857,2017-08-22 15:28:16,[],RT @ParcsCanadaWPG: Les privilèges de la vie dans le Nord: des couchers de soleil spectaculaires et des paysages de toundra @ParcsCanada ht…,RT ParcsCanadaWPG Les ges de la vie dans le Nord des couchers de soleil spectaculaires et des paysages de toundra ParcsCanada,[],1,0,1,Environmental,fr,0.0,Neutral,ParcsCanada_tweeter,"['parc', 'or', 'air']"
2506,2506,899980820307488769,2017-08-22 13:05:23,"['https://t.co/4wZrbKzzet', 'https://t.co/3GYD0kSEfQ']",Partez à l’aventure en ce #MardiVoyage! 🥂🍇 Apportez un pique-nique ou allez à un de nos événements : https://t.co/4wZrbKzzet https://t.co/3GYD0kSEfQ,Partez aventure en ce MardiVoyage Apportez un pique nique ou allez un de nos nements https co 4wZrbKzzet https co 3GYD0kSEfQ,['#MardiVoyage'],1,0,1,Environmental,fr,0.0,Neutral,ParcsCanada_tweeter,['or']
2505,2505,899771889769299968,2017-08-21 23:15:10,['https://t.co/Hb8PLzaXDR'],https://t.co/Hb8PLzaXDR Raisons pour lesquelles @shaunmajumder croit que vous devez explorer le parc national Terra-Nova!,https co Hb8PLzaXDR Raisons lesquelles shaunmajumder croit devez explorer parc national Terra Nova,[],0,1,1,Environmental,fr,0.0,Neutral,ParcsCanada_tweeter,"['parc', 'or']"
2504,2504,899424602493005824,2017-08-21 00:15:10,"['https://t.co/WnCyJTTz7q', 'https://t.co/LU3MlNaTR']","Envie d'être inspiré pour la prochaine aventure, mais vous avez seulement une minute? Découvrez notre chaîne YouTube https://t.co/WnCyJTTz7q https://t.co/LU3MlNaTR2",Envie pour la prochaine aventure mais vous avez seulement une minute couvrez notre ne YouTube https co WnCyJTTz7q https co LU3MlNaTR2,[],0,1,1,unknown,fr,0.0,Neutral,ParcsCanada_tweeter,
2499,2499,898970367674404865,2017-08-19 18:10:12,['https://t.co/VZTnR2cg8M'],Jamais trop tard pour s'initier au camping! Rendez-vous au poste d'éclusage de Hartwells ce week-end! @mecpleinair #initiationaucamping https://t.co/VZTnR2cg8M,Jamais trop tard pour initier au camping Rendez vous au poste clusage de Hartwells ce week end mecpleinair initiationaucamping https co VZTnR2cg8M,['#initiationaucamping'],0,1,1,Environmental,en,0.0,Neutral,ParcsCanada_tweeter,['air']
2497,2497,898711218419937280,2017-08-19 01:00:26,[],Veuillez noter que le site Web de Parcs Canada ne sera pas disponible de 6 h à 14 h (HNE) le dimanche 20 août,Veuillez noter que le site Web de Parcs Canada ne sera pas disponible de 14 HNE le dimanche 20,[],0,1,1,Environmental,fr,0.0,Neutral,ParcsCanada_tweeter,['parc']
2496,2496,898575580169330688,2017-08-18 16:01:27,['https://t.co/mv0lQvXLq'],"Certains soirs, le ciel s’embrase!  Montrez-nous les photos 📷 de chez vous! #Défiparcs https://t.co/mv0lQvXLqU",Certains soirs le ciel embrase Montrez nous les photos de chez vous fiparcs https co mv0lQvXLqU,['#D'],0,1,1,Environmental,fr,0.0,Neutral,ParcsCanada_tweeter,['parc']
2492,2492,897221339634950145,2017-08-14 22:20:11,"['https://t.co/13BI5HNLQg', 'https://t.co/0l9L5iWLwp']",Profitez de votre #CarteDécouverte en consultant nos guides régionaux : https://t.co/13BI5HNLQg #LundiMotivation https://t.co/0l9L5iWLwp,Profitez de votre couverte en consultant nos guides gionaux https co 13BI5HNLQg LundiMotivation https co 0l9L5iWLwp,"['#CarteD', '#LundiMotivation']",0,1,1,Environmental,fr,0.0,Neutral,ParcsCanada_tweeter,['vert']
2489,2489,897072972766294016,2017-08-14 12:30:38,['https://t.co/eZWHDB2Do'],Il est encore temps de profiter de la gratuité de nos sites pour venir découvrir l'#histoire du LHN des Forts-de-Lévis. #Canada150 https://t.co/eZWHDB2Do1,Il est encore temps de profiter de la de nos sites pour venir couvrir histoire du LHN des Forts de vis Canada150 https co eZWHDB2Do1,"['#histoire', '#Canada150']",0,1,1,Environmental,fr,0.0,Neutral,ParcsCanada_tweeter,['or']
2488,2488,898941462225833985,2017-08-19 16:15:20,['https://t.co/zGP9VhqP93'],"SVQ : Le Silver Dart, 1er vol d'un appareil propulsé par un moteur a eu lieu en N.-É. en 1909. Pour tout savoir: LHN Alexander-Graham-Bell https://t.co/zGP9VhqP93",SVQ Le Silver Dart 1er vol un appareil par un moteur eu lieu en en 1909 Pour tout savoir LHN Alexander Graham Bell https co zGP9VhqP93,[],0,1,1,unknown,fr,0.0,Neutral,ParcsCanada_tweeter,
2775,2775,902169227184001025,2017-08-28 14:01:19,"['https://t.co/H6QLka9tBF', 'https://t.co/kCG7AsTWes']",Cette semaine en #histoire: Le dernier « chemin du Souvenir » canadien à Saskatoon n'est pas oublié https://t.co/H6QLka9tBF https://t.co/kCG7AsTWes,Cette semaine en histoire Le dernier chemin du Souvenir canadien Saskatoon est pas https co H6QLka9tBF https co kCG7AsTWes,['#histoire'],0,0,0,unknown,fr,0.0,Neutral,ParcsCanada_tweeter,
2827,2827,899662578678472704,2017-08-21 16:00:48,"['https://t.co/6mVGoDOMJB', 'https://t.co/dUpBTTsEUN']","Cette semaine en #histoire: le Canada expose ses meilleurs athlètes de sports d’été
https://t.co/6mVGoDOMJB https://t.co/dUpBTTsEUN",Cette semaine en histoire le Canada expose ses meilleurs tes de sports https co 6mVGoDOMJB https co dUpBTTsEUN,['#histoire'],0,0,0,Environmental,fr,0.0,Neutral,ParcsCanada_tweeter,['or']
2828,2828,901546076687171586,2017-08-26 20:45:09,['https://t.co/GdyvcKuZze'],"Connu pour ses paysages splendides, Tallurutiup Imanga/#détroitLancaster est un lieu aux couchers de soleil superbes 🇨🇦! 🌅 https://t.co/GdyvcKuZze",Connu pour ses paysages splendides Tallurutiup Imanga troitLancaster est un lieu aux couchers de soleil superbes https co GdyvcKuZze,['#d'],0,0,0,unknown,fr,0.0,Neutral,ParcsCanada_tweeter,
